# Made in Blockbench 4.8.1
mtllib Grass.mtl

o cube
v -0.19178661651635365 0.7277528038836905 -0.062500001317089
v -0.3148875856428805 0.7060467816753286 -0.06250000395126704
v -0.07240349437036475 0.05069747368779276 -0.062500001317089
v -0.1955044634968916 0.028991451479431163 -0.06250000395126704
v -0.3148875895341189 0.7060467809891984 0.12499999604873302
v -0.1917866204075921 0.72775280319756 0.124999998682911
v -0.19550446738813 0.028991450793300788 0.12499999604873302
v -0.07240349826160314 0.050697473001662385 0.124999998682911
vt 0 1
vt 0.046875 1
vt 0.046875 0.828125
vt 0 0.828125
vt 0 0.65625
vt 0.03125 0.65625
vt 0.03125 0.484375
vt 0 0.484375
vt 0.046875 1
vt 0.09375 1
vt 0.09375 0.828125
vt 0.046875 0.828125
vt 0.03125 0.65625
vt 0.0625 0.65625
vt 0.0625 0.484375
vt 0.03125 0.484375
vt 0.453125 0.796875
vt 0.40625 0.796875
vt 0.40625 0.828125
vt 0.453125 0.828125
vt 0.453125 0.796875
vt 0.40625 0.796875
vt 0.40625 0.765625
vt 0.453125 0.765625
vn -0.9848077530122145 -0.17364817766689292 -2.1073424109962657e-8
vn 2.0753271452774005e-8 3.659361695090007e-9 -0.9999999999999998
vn 0.9848077530122145 0.17364817766689292 2.1073424109962657e-8
vn -2.0753271452774005e-8 -3.659361695090007e-9 0.9999999999999998
vn -0.17364817766689294 0.9848077530122147 6.515034315761989e-17
vn 0.17364817766689294 -0.9848077530122147 -6.515034315761989e-17
usemtl m_a2101804-c04c-6eb8-0315-c969f1c4b6cb
f 4/4/1 7/3/1 5/2/1 2/1/1
f 3/8/2 4/7/2 2/6/2 1/5/2
f 8/12/3 3/11/3 1/10/3 6/9/3
f 7/16/4 8/15/4 6/14/4 5/13/4
f 6/20/5 1/19/5 2/18/5 5/17/5
f 7/24/6 4/23/6 3/22/6 8/21/6
o cube
v 0.46810806621169765 0.5073828321371789 -0.0625
v 0.3689388986752933 0.5834780107632693 -0.0625
v 0.049584583768202184 -0.03804758931304508 -0.0625
v -0.049584583768202184 0.03804758931304508 -0.0625
v 0.3689388986752933 0.5834780107632693 0.125
v 0.46810806621169765 0.5073828321371789 0.125
v -0.049584583768202184 0.03804758931304508 0.125
v 0.049584583768202184 -0.03804758931304503 0.125
vt 0 1
vt 0.1875 1
vt 0.1875 0.3125
vt 0 0.3125
vt 0.375 1
vt 0.5 1
vt 0.5 0.3125
vt 0.375 0.3125
vt 0.1875 1
vt 0.375 1
vt 0.375 0.3125
vt 0.1875 0.3125
vt 0.5 1
vt 0.625 1
vt 0.625 0.3125
vt 0.5 0.3125
vt 0.8125 0.875
vt 0.625 0.875
vt 0.625 1
vt 0.8125 1
vt 0.8125 0.875
vt 0.625 0.875
vt 0.625 0.75
vt 0.8125 0.75
vn -0.793353340291235 0.6087614290087208 -2.437459245098407e-16
vn 2.642397435163819e-16 -2.0275828649675838e-16 -1
vn 0.793353340291235 -0.6087614290087208 2.437459245098407e-16
vn -2.642397435163819e-16 2.0275828649675838e-16 1
vn 0.6087614290087209 0.793353340291235 4.7092276492378334e-17
vn -0.6087614290087209 -0.793353340291235 -4.7092276492378334e-17
usemtl m_a2101804-c04c-6eb8-0315-c969f1c4b6cb
f 12/28/7 15/27/7 13/26/7 10/25/7
f 11/32/8 12/31/8 10/30/8 9/29/8
f 16/36/9 11/35/9 9/34/9 14/33/9
f 15/40/10 16/39/10 14/38/10 13/37/10
f 14/44/11 9/43/11 10/42/11 13/41/11
f 15/48/12 12/47/12 11/46/12 16/45/12
o cube
v 0.6348640855267473 0.2919397936923256 -0.06249999813735485
v 0.5631670309828665 0.39433379922844947 -0.0625
v 0.07169705507806545 -0.10239400629901874 -0.06249999813735485
v 5.341846964768138e-10 -7.628948028859384e-10 -0.0625
v 0.5631670293803124 0.39433380151713393 0.125
v 0.6348640839241932 0.29193979598100994 0.12500000186264515
v -1.0683693929536275e-9 1.5257896057718767e-9 0.125
v 0.07169705347551136 -0.10239400401033438 0.12500000186264515
vt 0 0.828125
vt 0.046875 0.828125
vt 0.046875 0.65625
vt 0 0.65625
vt 0.125 0.65625
vt 0.15625 0.65625
vt 0.15625 0.484375
vt 0.125 0.484375
vt 0.046875 0.828125
vt 0.09375 0.828125
vt 0.09375 0.65625
vt 0.046875 0.65625
vt 0.15625 0.65625
vt 0.1875 0.65625
vt 0.1875 0.484375
vt 0.15625 0.484375
vt 0.453125 0.671875
vt 0.40625 0.671875
vt 0.40625 0.703125
vt 0.453125 0.703125
vt 0.453125 0.671875
vt 0.40625 0.671875
vt 0.40625 0.640625
vt 0.453125 0.640625
vn -0.5735764363510462 0.8191520442889916 -1.49011612706224e-8
vn 8.546954998739417e-9 -1.2206316745164245e-8 -0.9999999999999999
vn 0.5735764363510462 -0.8191520442889916 1.49011612706224e-8
vn -8.546954998739417e-9 1.2206316745164245e-8 0.9999999999999999
vn 0.8191520442889917 0.5735764363510462 6.532473764616447e-17
vn -0.8191520442889917 -0.5735764363510462 -6.532473764616447e-17
usemtl m_a2101804-c04c-6eb8-0315-c969f1c4b6cb
f 20/52/13 23/51/13 21/50/13 18/49/13
f 19/56/14 20/55/14 18/54/14 17/53/14
f 24/60/15 19/59/15 17/58/15 22/57/15
f 23/64/16 24/63/16 22/62/16 21/61/16
f 22/68/17 17/67/17 18/66/17 21/65/17
f 23/72/18 20/71/18 19/70/18 24/69/18
o cube
v -0.4813793300313244 0.5785155059448219 -0.062499999999999944
v -0.5837733355674511 0.5068184514009451 -0.0625
v -0.08704553004000176 0.015348475496124947 -0.0625
v -0.18943953557612847 -0.05634857904775192 -0.0625
v -0.5837733355674511 0.5068184514009451 0.125
v -0.4813793300313244 0.5785155059448219 0.125
v -0.18943953557612847 -0.05634857904775192 0.125
v -0.08704553004000176 0.015348475496124947 0.125
vt 0.09375 0.828125
vt 0.140625 0.828125
vt 0.140625 0.65625
vt 0.09375 0.65625
vt 0.1875 0.65625
vt 0.21875 0.65625
vt 0.21875 0.484375
vt 0.1875 0.484375
vt 0.140625 0.828125
vt 0.1875 0.828125
vt 0.1875 0.65625
vt 0.140625 0.65625
vt 0.21875 0.65625
vt 0.25 0.65625
vt 0.25 0.484375
vt 0.21875 0.484375
vt 0.453125 0.609375
vt 0.40625 0.609375
vt 0.40625 0.640625
vt 0.453125 0.640625
vt 0.453125 0.609375
vt 0.40625 0.609375
vt 0.40625 0.578125
vt 0.453125 0.578125
vn -0.8191520442890138 -0.5735764363510147 -3.183988830096711e-17
vn 5.91042577228758e-17 1.0915184961385566e-16 -1
vn 0.8191520442890138 0.5735764363510147 3.183988830096711e-17
vn -5.91042577228758e-17 -1.0915184961385566e-16 1
vn -0.5735764363510149 0.8191520442890139 4.547207301192146e-17
vn 0.5735764363510149 -0.8191520442890139 -4.547207301192146e-17
usemtl m_a2101804-c04c-6eb8-0315-c969f1c4b6cb
f 28/76/19 31/75/19 29/74/19 26/73/19
f 27/80/20 28/79/20 26/78/20 25/77/20
f 32/84/21 27/83/21 25/82/21 30/81/21
f 31/88/22 32/87/22 30/86/22 29/85/22
f 30/92/23 25/91/23 26/90/23 29/89/23
f 31/96/24 28/95/24 27/94/24 32/93/24
o cube
v 0.0625 0.6640740055737344 -0.177938093507983
v 0.0625 0.6317216249359192 -0.29867882179411653
v 0.0625 0 0
v 0.0625 -0.03235238063781509 -0.12074072828613353
v -0.125 0.6317216249359192 -0.29867882179411653
v -0.125 0.6640740055737344 -0.177938093507983
v -0.125 -0.03235238063781509 -0.12074072828613353
v -0.125 0 0
vt 0.1875 1
vt 0.234375 1
vt 0.234375 0.828125
vt 0.1875 0.828125
vt 0.25 0.65625
vt 0.28125 0.65625
vt 0.28125 0.484375
vt 0.25 0.484375
vt 0.1875 0.828125
vt 0.234375 0.828125
vt 0.234375 0.65625
vt 0.1875 0.65625
vt 0.28125 0.65625
vt 0.3125 0.65625
vt 0.3125 0.484375
vt 0.28125 0.484375
vt 0.453125 0.546875
vt 0.40625 0.546875
vt 0.40625 0.578125
vt 0.453125 0.578125
vt 0.484375 1
vt 0.4375 1
vt 0.4375 0.96875
vt 0.484375 0.96875
vn 0 -0.25881904510252074 -0.9659258262890683
vn 1 0 0
vn 0 0.25881904510252074 0.9659258262890683
vn -1 0 0
vn 0 0.9659258262890683 -0.25881904510252074
vn 0 -0.9659258262890683 0.25881904510252074
usemtl m_a2101804-c04c-6eb8-0315-c969f1c4b6cb
f 36/100/25 39/99/25 37/98/25 34/97/25
f 35/104/26 36/103/26 34/102/26 33/101/26
f 40/108/27 35/107/27 33/106/27 38/105/27
f 39/112/28 40/111/28 38/110/28 37/109/28
f 38/116/29 33/115/29 34/114/29 37/113/29
f 39/120/30 36/119/30 35/118/30 40/117/30
o cube
v 0.0625 0.3943337999913443 -0.5631670304486818
v 0.0625 0.29193979445522034 -0.6348640849925625
v 0.0625 0 0
v 0.0625 -0.10239400553612399 -0.07169705454388076
v -0.125 0.29193979445522034 -0.6348640849925625
v -0.125 0.3943337999913443 -0.5631670304486818
v -0.125 -0.10239400553612399 -0.07169705454388076
v -0.125 0 0
vt 0.234375 1
vt 0.28125 1
vt 0.28125 0.828125
vt 0.234375 0.828125
vt 0.3125 0.65625
vt 0.34375 0.65625
vt 0.34375 0.484375
vt 0.3125 0.484375
vt 0.234375 0.828125
vt 0.28125 0.828125
vt 0.28125 0.65625
vt 0.234375 0.65625
vt 0.34375 0.65625
vt 0.375 0.65625
vt 0.375 0.484375
vt 0.34375 0.484375
vt 0.484375 0.9375
vt 0.4375 0.9375
vt 0.4375 0.96875
vt 0.484375 0.96875
vt 0.484375 0.9375
vt 0.4375 0.9375
vt 0.4375 0.90625
vt 0.484375 0.90625
vn 0 -0.8191520442889917 -0.5735764363510463
vn 1 0 0
vn 0 0.8191520442889917 0.5735764363510463
vn -1 0 0
vn 0 0.5735764363510463 -0.8191520442889917
vn 0 -0.5735764363510463 0.8191520442889917
usemtl m_a2101804-c04c-6eb8-0315-c969f1c4b6cb
f 44/124/31 47/123/31 45/122/31 42/121/31
f 43/128/32 44/127/32 42/126/32 41/125/32
f 48/132/33 43/131/33 41/130/33 46/129/33
f 47/136/34 48/135/34 46/134/34 45/133/34
f 46/140/35 41/139/35 42/138/35 45/137/35
f 47/144/36 44/143/36 43/142/36 48/141/36
o cube
v 0.06250000000000011 0.29193979445522034 0.6348640849925626
v 0.06250000000000011 0.3943337999913443 0.5631670304486818
v 0.0625 -0.10239400553612399 0.07169705454388076
v 0.0625 0 0
v -0.12499999999999989 0.3943337999913443 0.5631670304486818
v -0.12499999999999994 0.29193979445522045 0.6348640849925626
v -0.125 0 0
v -0.125 -0.10239400553612393 0.07169705454388076
vt 0.28125 1
vt 0.328125 1
vt 0.328125 0.828125
vt 0.28125 0.828125
vt 0.375 1
vt 0.40625 1
vt 0.40625 0.828125
vt 0.375 0.828125
vt 0.28125 0.828125
vt 0.328125 0.828125
vt 0.328125 0.65625
vt 0.28125 0.65625
vt 0.375 0.828125
vt 0.40625 0.828125
vt 0.40625 0.65625
vt 0.375 0.65625
vt 0.484375 0.875
vt 0.4375 0.875
vt 0.4375 0.90625
vt 0.484375 0.90625
vt 0.484375 0.875
vt 0.4375 0.875
vt 0.4375 0.84375
vt 0.484375 0.84375
vn 1.9350814803941554e-16 0.8191520442889917 -0.5735764363510463
vn 1 -2.362298298448085e-16 1.232595164407831e-32
vn -1.9350814803941554e-16 -0.8191520442889917 0.5735764363510463
vn -1 2.362298298448085e-16 -1.232595164407831e-32
vn 1.354958639621993e-16 0.5735764363510463 0.8191520442889917
vn -1.354958639621993e-16 -0.5735764363510463 -0.8191520442889917
usemtl m_a2101804-c04c-6eb8-0315-c969f1c4b6cb
f 52/148/37 55/147/37 53/146/37 50/145/37
f 51/152/38 52/151/38 50/150/38 49/149/38
f 56/156/39 51/155/39 49/154/39 54/153/39
f 55/160/40 56/159/40 54/158/40 53/157/40
f 54/164/41 49/163/41 50/162/41 53/161/41
f 55/168/42 52/167/42 51/166/42 56/165/42
o cube
v 0.06250000000000011 0.5521013711556482 0.4283285257463635
v 0.06250000000000011 0.6098199478100275 0.3174521715990858
v 0.0625 -0.05771857665437924 0.1108763541472777
v 0.0625 0 0
v -0.12499999999999989 0.6098199478100275 0.3174521715990858
v -0.12499999999999989 0.5521013711556482 0.4283285257463635
v -0.125 0 0
v -0.125 -0.05771857665437918 0.1108763541472777
vt 0.328125 1
vt 0.375 1
vt 0.375 0.828125
vt 0.328125 0.828125
vt 0.375 0.65625
vt 0.40625 0.65625
vt 0.40625 0.484375
vt 0.375 0.484375
vt 0.328125 0.828125
vt 0.375 0.828125
vt 0.375 0.65625
vt 0.328125 0.65625
vt 0.40625 1
vt 0.4375 1
vt 0.4375 0.828125
vt 0.40625 0.828125
vt 0.5 0.8125
vt 0.453125 0.8125
vt 0.453125 0.84375
vt 0.5 0.84375
vt 0.5 0.8125
vt 0.453125 0.8125
vt 0.453125 0.78125
vt 0.5 0.78125
vn 1.0907879633558835e-16 0.4617486132350339 -0.8870108331782217
vn 1 -2.362298298448085e-16 -1.232595164407831e-32
vn -1.0907879633558835e-16 -0.4617486132350339 0.8870108331782217
vn -1 2.362298298448085e-16 1.232595164407831e-32
vn 2.0953841819219314e-16 0.8870108331782217 0.4617486132350339
vn -2.0953841819219314e-16 -0.8870108331782217 -0.4617486132350339
usemtl m_a2101804-c04c-6eb8-0315-c969f1c4b6cb
f 60/172/43 63/171/43 61/170/43 58/169/43
f 59/176/44 60/175/44 58/174/44 57/173/44
f 64/180/45 59/179/45 57/178/45 62/177/45
f 63/184/46 64/183/46 62/182/46 61/181/46
f 62/188/47 57/187/47 58/186/47 61/185/47
f 63/192/48 60/191/48 59/190/48 64/189/48